world: 0c7e7ca9-e5ee-40d7-a730-5bfca4a8f0c1
world-name: dawn_island
x: -404.7975038739187
y: 169.0
z: 173.8112550541824
yaw: 89.0673828125
pitch: 13.049873352050781
name: Biguma
lastowner: d8aaee3b-02c2-48c0-b387-66a68ca0f577
