world: 0c7e7ca9-e5ee-40d7-a730-5bfca4a8f0c1
world-name: dawn_island
x: 647.6106655364379
y: 72.0
z: 1043.7129917170746
yaw: 177.28387451171875
pitch: 21.077762603759766
name: bluejam
lastowner: d8aaee3b-02c2-48c0-b387-66a68ca0f577
