world: 0c7e7ca9-e5ee-40d7-a730-5bfca4a8f0c1
world-name: dawn_island
x: 215.0625293282465
y: 177.0
z: -110.7906410511888
yaw: 8.517624855041504
pitch: 9.149900436401367
name: Dadan
lastowner: d8aaee3b-02c2-48c0-b387-66a68ca0f577
