world: 0c7e7ca9-e5ee-40d7-a730-5bfca4a8f0c1
world-name: dawn_island
x: -1.714723813887841
y: 78.0
z: 471.32865225584857
yaw: 178.2833251953125
pitch: 10.288389205932617
name: dawn_island
lastowner: 19894efa-01d3-43e5-82db-008cd9381b2f
