world: 8ca80cac-ff28-41d9-a2c5-890912a8f7d3
world-name: dawn_island
x: 2.0
y: 69.0
z: 515.0
yaw: 155.53419494628906
pitch: 24.22771453857422
name: dawn_island
lastowner: 19894efa-01d3-43e5-82db-008cd9381b2f
