world: 0c7e7ca9-e5ee-40d7-a730-5bfca4a8f0c1
world-name: dawn_island
x: -9.5
y: 72.0
z: 840.5
yaw: -35.05769729614258
pitch: 3.527137041091919
name: dawn_island
lastowner: d8aaee3b-02c2-48c0-b387-66a68ca0f577
