world: 0c7e7ca9-e5ee-40d7-a730-5bfca4a8f0c1
world-name: dawn_island
x: -460.84475992505025
y: 81.0
z: -503.1846098465358
yaw: -2.868263006210327
pitch: 13.950039863586426
name: DeerBoss
lastowner: d8aaee3b-02c2-48c0-b387-66a68ca0f577
