world: 0c7e7ca9-e5ee-40d7-a730-5bfca4a8f0c1
world-name: dawn_island
x: 757.953960084426
y: 65.0
z: -215.67188516690948
yaw: 89.68487548828125
pitch: 12.377772331237793
name: Foosha_Village
lastowner: d8aaee3b-02c2-48c0-b387-66a68ca0f577
