world: 23e27574-e2c8-4689-8402-f4e488332383
world-name: dev
x: -0.4551574549898765
y: -32.0
z: -0.47076146427523746
yaw: 87.9858627319336
pitch: 15.657342910766602
name: GD
lastowner: 19894efa-01d3-43e5-82db-008cd9381b2f
