world: 556d2c3e-6d69-4308-9e7b-d129e7811c0d
world-name: plots
x: -217.8478453795905
y: 63.0
z: 577.6724650418017
yaw: 56.10014724731445
pitch: 44.250083923339844
name: GoaPlotworld
lastowner: d8aaee3b-02c2-48c0-b387-66a68ca0f577
