world: 0c7e7ca9-e5ee-40d7-a730-5bfca4a8f0c1
world-name: dawn_island
x: 460.4925757928698
y: 70.0
z: 689.4089655717132
yaw: 94.1031265258789
pitch: 24.559814453125
name: greyterminal
lastowner: 19894efa-01d3-43e5-82db-008cd9381b2f
