world: 0c7e7ca9-e5ee-40d7-a730-5bfca4a8f0c1
world-name: dawn_island
x: -28.57474878629087
y: 99.0
z: 616.7975243027622
yaw: 28.6329402923584
pitch: 18.61577606201172
name: hightown
lastowner: 19894efa-01d3-43e5-82db-008cd9381b2f
