world: 0c7e7ca9-e5ee-40d7-a730-5bfca4a8f0c1
world-name: dawn_island
x: -190.79350914492142
y: 69.0
z: -758.6590768895123
yaw: 105.89094543457031
pitch: 16.611257553100586
name: hunters
lastowner: 19894efa-01d3-43e5-82db-008cd9381b2f
