world: 0c7e7ca9-e5ee-40d7-a730-5bfca4a8f0c1
world-name: dawn_island
x: -555.1903736771616
y: 91.0
z: 614.0872549835406
yaw: 93.67052459716797
pitch: 17.2984561920166
name: Monkeyclearing
lastowner: d8aaee3b-02c2-48c0-b387-66a68ca0f577
