world: 0c7e7ca9-e5ee-40d7-a730-5bfca4a8f0c1
world-name: dawn_island
x: -611.7383180602842
y: 87.2132988038226
z: 613.5202985461343
yaw: -121.59967041015625
pitch: 55.273345947265625
name: monkeybossclearing
lastowner: 19894efa-01d3-43e5-82db-008cd9381b2f
