world: 0c7e7ca9-e5ee-40d7-a730-5bfca4a8f0c1
world-name: dawn_island
x: -747.7417253688285
y: 125.0
z: 711.294238976729
yaw: -84.020263671875
pitch: -6.8220343589782715
name: MonkeyBossEntrance
lastowner: d8aaee3b-02c2-48c0-b387-66a68ca0f577
