world: 1af180dd-7757-468a-9355-17ba25c893a3
world-name: MonkeyBoss
x: 1174.528740764837
y: 6.0
z: 358.33674552994097
yaw: -86.45269775390625
pitch: 18.899600982666016
name: MonkeyBoss
lastowner: d8aaee3b-02c2-48c0-b387-66a68ca0f577
