world: 0c7e7ca9-e5ee-40d7-a730-5bfca4a8f0c1
world-name: dawn_island
x: -686.6809437911314
y: 64.875
z: -127.56508483534076
yaw: -136.04339599609375
pitch: 47.241615295410156
name: nozomi
lastowner: 19894efa-01d3-43e5-82db-008cd9381b2f
