world: e7d06bb4-29c0-408e-915a-8d94c529c753
world-name: flatroom
x: -65.5
y: 63.0
z: 63.5
yaw: -178.7211151123047
pitch: -7.591759204864502
name: pvp
lastowner: 19894efa-01d3-43e5-82db-008cd9381b2f
