world: 0c7e7ca9-e5ee-40d7-a730-5bfca4a8f0c1
world-name: dawn_island
x: -49.85937330550748
y: 65.0
z: -458.785710470085
yaw: -169.7767333984375
pitch: 1.1999105215072632
name: Shoona
lastowner: d8aaee3b-02c2-48c0-b387-66a68ca0f577
