world: 0c7e7ca9-e5ee-40d7-a730-5bfca4a8f0c1
world-name: dawn_island
x: -45.16050970486179
y: 65.0
z: -471.85923537135017
yaw: -154.92156982421875
pitch: 8.249893188476562
name: Shuna
lastowner: d8aaee3b-02c2-48c0-b387-66a68ca0f577
