world: 0c7e7ca9-e5ee-40d7-a730-5bfca4a8f0c1
world-name: dawn_island
x: -804.2907843251575
y: 26.5
z: -396.63373881275527
yaw: -30.94734001159668
pitch: 42.59994125366211
name: spidertrap
lastowner: d8aaee3b-02c2-48c0-b387-66a68ca0f577
