world: 0c7e7ca9-e5ee-40d7-a730-5bfca4a8f0c1
world-name: dawn_island
x: -458.3559092503022
y: 17.0
z: -567.1311609289446
yaw: -171.41317749023438
pitch: 16.350082397460938
name: Spiderboss
lastowner: d8aaee3b-02c2-48c0-b387-66a68ca0f577
