world: 0c7e7ca9-e5ee-40d7-a730-5bfca4a8f0c1
world-name: dawn_island
x: 326.3604241418903
y: 97.0
z: -521.419707039759
yaw: 2.28228759765625
pitch: 16.049514770507812
name: Tigerboss
lastowner: d8aaee3b-02c2-48c0-b387-66a68ca0f577
