world: 0c7e7ca9-e5ee-40d7-a730-5bfca4a8f0c1
world-name: dawn_island
x: 324.1113690342484
y: 97.0625
z: -520.4355731784333
yaw: -12.31756591796875
pitch: -0.45002639293670654
name: Tiger
lastowner: d8aaee3b-02c2-48c0-b387-66a68ca0f577
