world: 0c7e7ca9-e5ee-40d7-a730-5bfca4a8f0c1
world-name: dawn_island
x: 587.9521619921609
y: 216.0
z: 228.79926253004015
yaw: -90.853759765625
pitch: 18.899106979370117
name: WolfBoss
lastowner: d8aaee3b-02c2-48c0-b387-66a68ca0f577
